LRU:
1 2 3 4 3 4 2 3 5 6 4 2 1 2
___________________________________________
1 1 1 4 4 4 4 4 5 5 5 2 2 2
0 2 2 2 2 2 2 2 2 6 6 6 1 1
0 0 3 3 3 3 3 3 3 3 4 4 4 4
Number of faults 9

LFU:
1 2 3 4 3 4 2 3 5 6 4 2 1 2
___________________________________________
1 1 1 4 4 4 4 4 5 6 4 4 1 1
0 2 2 2 2 2 2 2 2 2 2 2 2 2
0 0 3 3 3 3 3 3 3 3 3 3 3 3
Number of faults 8

Optimal:
1 2 3 4 3 4 2 3 5 6 4 2 1 2
___________________________________________
1 1 1 4 4 4 4 4 4 4 4 4 4 4
0 2 2 2 2 2 2 2 2 2 2 2 2 2
0 0 3 3 3 3 3 3 5 6 6 6 1 1
number of faults 7

LRU:
1 2 3 4 2 7 5 1 1 6 4 7 2 1 2 5
___________________________________________
1 1 1 1 1 7 7 7 7 7 4 4 4 4 4 5
0 2 2 2 2 2 2 2 2 6 6 6 6 1 1 1
0 0 3 3 3 3 5 5 5 5 5 7 7 7 7 7
0 0 0 4 4 4 4 1 1 1 1 1 2 2 2 2
Number of faults 13

LFU:
1 2 3 4 2 7 5 1 1 6 4 7 2 1 2 5
___________________________________________
1 1 1 1 1 7 5 1 1 1 1 1 1 1 1 1
0 2 2 2 2 2 2 2 2 2 2 2 2 2 2 2
0 0 3 3 3 3 3 3 3 6 6 7 7 7 7 5
0 0 0 4 4 4 4 4 4 4 4 4 4 4 4 4
Number of faults 10

Optimal:
1 2 3 4 2 7 5 1 1 6 4 7 2 1 2 5
___________________________________________
1 1 1 1 1 1 1 1 1 1 1 1 1 1 1 1
0 2 2 2 2 2 5 5 5 6 6 6 6 6 6 6
0 0 3 3 3 7 7 7 7 7 7 7 7 7 7 7
0 0 0 4 4 4 4 4 4 4 4 4 2 2 2 5
number of faults 9