FIFO:
1 2 3 2 1 5 2 1 6 2 5 6 3 1 3 6 1 2 4 3 
___________________________________________________________________
1 1 1 1 1 5 5 5 5 2 2 2 2 1 1 1 1 1 4 4 
0 2 2 2 2 2 2 1 1 1 5 5 5 5 5 6 6 6 6 3 
0 0 3 3 3 3 3 3 6 6 6 6 3 3 3 3 3 2 2 2 

Using 3 frames, the reference string yielded:
Scheme                #Faults
FIFO                  14

FIFO:
1 2 3 2 1 5 2 1 6 2 5 6 3 1 3 6 1 2 4 3 
___________________________________________________________________
1 1 1 1 1 1 1 1 6 6 6 6 6 6 6 6 6 6 6 3 
0 2 2 2 2 2 2 2 2 2 2 2 2 1 1 1 1 1 1 1 
0 0 3 3 3 3 3 3 3 3 3 3 3 3 3 3 3 2 2 2 
0 0 0 0 0 5 5 5 5 5 5 5 5 5 5 5 5 5 4 4 

Using 4 frames, the reference string yielded:
Scheme                #Faults
FIFO                  9

FIFO:
1 2 3 2 1 5 2 1 6 2 5 6 3 1 3 6 1 2 4 3 
___________________________________________________________________
1 1 1 1 1 1 1 1 1 1 1 1 1 1 1 1 1 1 4 4 
0 2 2 2 2 2 2 2 2 2 2 2 2 2 2 2 2 2 2 2 
0 0 3 3 3 3 3 3 3 3 3 3 3 3 3 3 3 3 3 3 
0 0 0 0 0 5 5 5 5 5 5 5 5 5 5 5 5 5 5 5 
0 0 0 0 0 0 0 0 6 6 6 6 6 6 6 6 6 6 6 6 

Using 5 frames, the reference string yielded:
Scheme                #Faults
FIFO                  6

